norm96
0.894722076797763
1.04097348826635
1.45119900703774
0.914984831980731
1.02119787529007
1.23001405596527
1.78157712980256
1.05499010627847
1.06570016589278
1.16707106378818
1.69627235382208
1.07844249958762
0.935026784029736
1.06822787046779
1.4380916016506
0.936356197396747
0.894722076797763
1.04097348826635
1.45119900703774
0.914984831980731
1.02119787529007
1.23001405596527
1.78157712980256
1.05499010627847
1.06570016589278
1.16707106378818
1.69627235382208
1.07844249958762
0.935026784029736
1.06822787046779
1.4380916016506
0.936356197396747
0.894722076797763
1.04097348826635
1.45119900703774
0.914984831980731
1.02119787529007
1.23001405596527
1.78157712980256
1.05499010627847
1.06570016589278
1.16707106378818
1.69627235382208
1.07844249958762
0.935026784029736
1.06822787046779
1.4380916016506
0.936356197396747
0.72315159282505
0.925841183382182
0.924915300234534
0.783465928776686
0.825647815858229
1.00318668909595
1.0893905469495
0.98382884892835
0.893123665255253
1.08825471029321
0.993177568884445
0.903428646864186
0.796288968386702
0.972940621026804
0.874488779738602
0.777355358779169
0.72315159282505
0.925841183382182
0.924915300234534
0.783465928776686
0.825647815858229
1.00318668909595
1.0893905469495
0.98382884892835
0.893123665255253
1.08825471029321
0.993177568884445
0.903428646864186
0.796288968386702
0.972940621026804
0.874488779738602
0.777355358779169
0.72315159282505
0.925841183382182
0.924915300234534
0.783465928776686
0.825647815858229
1.00318668909595
1.0893905469495
0.98382884892835
0.893123665255253
1.08825471029321
0.993177568884445
0.903428646864186
0.796288968386702
0.972940621026804
0.874488779738602
0.777355358779169
